'Upper_pitcher_Medium.dta
'Created by Landmark. http://graphics.idav.ucdavis.edu/research/EvoMorph
1 1L 54 1 9999 Dim=3

Upper_pitcher_9_9_2013_Medium_binary

  -7.2856750e+000  -2.1120026e+001   4.3849220e+000
  -1.0045509e+000  -7.3752747e+001   4.4223022e+000
   1.2356704e+001  -9.7733780e+001   5.5263062e+000
  -8.0228767e+000  -2.2383711e+001  -7.1487579e+000
   4.3814697e+000  -7.2289619e+001  -9.7759247e+000
   1.7029472e+001  -9.8714455e+001  -3.6139374e+000
   1.9679516e+001  -9.3546684e+001   9.7306818e-001
   2.2503635e+001  -9.5635132e+001   5.0350251e+000
   2.6472368e+001  -9.5531288e+001   7.2700830e+000
  -1.5959093e+001  -3.0388416e+001  -7.4084620e+000
  -8.5855713e+000  -7.3489716e+001  -1.1814270e+001
   1.1452444e+001  -1.0591985e+002  -3.9554057e+000
  -8.5803013e+000  -2.6803811e+000   9.2899013e-001
   1.1254174e+001  -7.0024307e+001  -1.7770183e-001
   1.9268700e+001  -9.3300636e+001   2.1057601e+000
  -1.6703459e+001  -3.0825766e+001  -3.7506932e-001
  -1.0373925e+001  -7.5683441e+001   1.8888712e+000
   6.5033422e+000  -1.0343514e+002   3.8889043e+000

