'Rafflesiana lower pitcher.dta
'Created by Landmark. http://graphics.idav.ucdavis.edu/research/EvoMorph
1 1L 54 1 9999 Dim=3

Rafflesiana lower pitcher 30-9-2013_after_trimming

   2.3320358e+001  -2.7894016e+001  -1.4408888e+001
   2.4075943e+001  -5.9333584e+001  -2.8591209e+001
   2.6720253e+001  -7.9566620e+001  -2.7953239e+001
   1.0611664e+001  -2.8457579e+001  -8.8652344e+000
   3.6337433e+000  -5.8818794e+001  -1.8913490e+001
   8.0927811e+000  -8.4233582e+001  -1.8812243e+001
   9.5735083e+000  -8.2091896e+001  -3.9366493e+001
   1.5030442e+001  -9.5226662e+001  -2.9435705e+001
   2.3797009e+001  -9.9883224e+001  -1.6686302e+001
   1.4758545e+001  -3.9820911e+001  -7.2139750e+000
   1.5189613e+001  -6.0062492e+001  -3.8790102e+000
   1.9086462e+001  -8.3898361e+001  -6.0492539e+000
   1.5518565e+001  -1.4501712e+001  -1.3910640e+001
   7.4957876e+000  -5.7986958e+001  -3.9359718e+001
   9.5735083e+000  -8.2091896e+001  -3.9366493e+001
   2.3858681e+001  -4.0673058e+001  -1.2338195e+001
   2.8987665e+001  -6.2402824e+001  -1.0472556e+001
   3.0424543e+001  -8.1475060e+001  -1.1105345e+001

