'RMS70_1l.dta
'Created by Landmark. http://graphics.idav.ucdavis.edu/research/EvoMorph
1 1L 54 1 9999 Dim=3

RMS70_1

   1.8301239e+001  -8.7689178e+001   1.0608597e+000
   1.6972519e+001  -7.3220924e+001   1.5769577e+001
   1.4042404e+001  -5.4849503e+001   2.2248291e+001
   6.5303879e+000  -8.7886971e+001  -4.3431320e+000
  -4.6257782e+000  -7.2802094e+001   8.9880371e+000
  -4.5309448e-001  -5.1784046e+001   1.3434418e+001
   4.1828318e+000  -6.0217678e+001   2.8186974e+001
   6.9228897e+000  -5.1049755e+001   2.5368658e+001
   1.0622623e+001  -4.7007946e+001   2.1348160e+001
   1.0233520e+001  -8.1561470e+001  -6.2521486e+000
   5.1872592e+000  -6.5853699e+001  -1.4523243e+000
   5.5190654e+000  -4.7672001e+001   7.8836975e+000
   1.4637807e+001  -9.7733826e+001  -2.8389537e+000
   5.4092321e+000  -8.0675995e+001   2.1184805e+001
   4.1828318e+000  -6.0217678e+001   2.8186974e+001
   1.7174414e+001  -8.2443230e+001  -4.4394984e+000
   1.6273151e+001  -6.8627060e+001   3.6402678e+000
   1.1722267e+001  -5.0759541e+001   1.1687962e+001

